4
6
1
0
350
219
5
4
0
1
348
221
5
1
0
1
345
221
5
1
1
1
345
221
5
1
1
1
345
221
5
7
0
1
345
222
5
3
1
1
361
234
5
2
1
1
393
245
5
1
1
1
421
251
5
2
1
1
465
263
5
2
1
1
497
275
5
2
1
1
543
292
5
3
1
1
593
321
5
4
1
1
630
366
5
5
1
1
653
417
5
6
1
1
660
458
5
7
0
1
650
509
5
5
0
1
617
549
5
2
0
1
547
564
5
1
0
0
482
546
5
4
0
0
467
501
5
6
1
0
479
457
5
4
1
0
503
439
5
1
1
1
562
454
5
3
1
1
592
483
5
6
1
1
599
531
5
6
0
1
582
575
5
3
0
1
537
601
5
1
0
1
491
598
5
3
0
0
467
569
5
5
0
0
464
525
5
5
1
0
477
506
5
1
1
1
519
515
5
4
1
1
541
549
5
7
0
1
539
594
5
5
0
1
518
630
5
3
0
1
481
649
5
2
0
1
425
658
5
1
0
1
394
653
5
5
0
0
389
625
5
5
1
0
404
607
5
1
1
1
435
607
5
3
1
1
461
632
5
7
0
1
461
664
5
5
0
1
433
696
5
3
0
1
372
721
5
1
0
1
318
719
5
4
0
0
303
684
5
6
1
0
321
639
5
4
1
0
345
622
5
1
1
1
376
630
5
5
1
1
394
663
5
7
0
1
393
692
5
5
0
1
373
719
5
2
0
1
330
723
5
1
0
0
291
704
5
4
0
0
271
662
5
5
0
0
255
596
5
5
0
0
246
552
5
4
0
0
232
519
5
2
0
1
191
524
5
5
0
1
149
574
5
7
0
1
146
630
5
5
1
1
180
695
5
4
1
1
214
738
5
4
1
1
235
768
5
5
1
1
252
802
5
5
1
1
265
840
5
6
0
1
255
863
5
1
0
0
207
849
5
4
0
0
185
797
5
5
0
0
171
742
5
3
0
0
149
713
5
1
0
1
111
709
5
4
0
1
83
736
5
7
0
1
77
779
5
5
1
1
100
819
5
5
1
1
118
854
5
6
1
1
120
874
5
1
0
0
100
863
5
4
0
0
72
813
5
5
0
0
67
775
5
7
1
0
69
734
5
2
1
1
104
752
5
4
1
1
138
802
5
6
1
1
148
853
5
3
1
1
178
877
5
7
1
0
186
828
5
5
0
0
183
757
5
3
0
0
150
716
5
1
0
1
120
711
5
7
0
1
114
784
5
4
1
1
152
838
5
6
1
1
161
874
5
4
0
1
148
883
5
2
0
0
95
833
5
5
0
0
89
765
5
7
1
0
94
731
5
2
1
1
137
749
5
5
1
1
166
821
5
4
1
1
208
863
5
5
1
0
226
844
5
4
0
0
191
744
5
2
0
0
150
720
5
5
0
1
131
752
5
5
1
1
176
835
5
6
1
1
184
866
5
2
0
1
143
868
5
3
0
0
97
814
5
5
0
0
92
752
5
7
1
0
93
742
5
4
1
1
128
779
5
6
1
1
132
811
5
6
0
1
117
843
5
5
0
1
96
865
5
4
0
1
56
898
5
4
0
1
31
915
5
4
0
1
25
921
5
1
1
1
25
921
5
1
1
1
25
921
