5
3
1
1
358
278
5
1
1
1
358
278
5
7
0
1
353
303
5
7
0
1
353
329
5
6
1
1
358
357
5
4
1
1
402
415
5
2
1
1
507
464
5
3
1
0
538
454
5
6
1
0
553
416
5
4
0
0
542
394
5
2
0
1
493
397
5
4
0
1
462
427
5
7
0
1
455
490
5
5
1
1
487
548
5
2
1
1
560
569
5
3
1
0
619
549
5
6
1
0
636
495
5
5
0
0
631
455
5
2
0
0
596
430
5
1
0
1
528
420
5
1
0
1
497
415
5
5
0
1
463
468
5
7
0
1
463
561
5
5
1
1
495
630
5
3
1
1
550
662
5
2
1
0
605
649
5
6
1
0
630
597
5
5
0
0
625
564
5
1
0
0
585
544
5
1
0
1
535
543
5
2
0
1
514
544
5
2
0
0
501
535
5
5
0
0
489
491
5
7
1
0
496
451
5
4
1
0
536
419
5
3
1
0
591
396
5
4
1
0
619
374
5
7
1
0
626
338
5
3
0
0
603
306
5
3
0
0
570
274
5
4
0
0
551
228
5
7
1
0
553
187
5
5
1
0
575
152
5
4
1
0
607
119
5
4
1
0
629
100
5
3
1
1
645
112
5
5
1
1
661
153
5
7
0
1
658
195
5
7
0
1
646
256
5
7
0
1
642
310
5
7
0
1
641
364
5
6
1
1
642
408
5
7
0
1
641
452
5
7
0
1
637
484
5
6
0
1
623
521
5
5
0
1
601
552
5
4
0
1
564
576
5
3
0
1
515
593
5
2
0
1
453
601
5
2
0
1
375
620
5
3
0
1
323
646
5
5
0
1
303
676
5
6
1
1
305
711
5
4
1
1
349
758
5
2
1
1
426
792
5
1
1
1
484
800
5
1
1
1
545
802
5
1
1
1
622
811
5
1
1
1
675
819
5
1
1
1
714
826
5
1
1
1
727
829
5
1
1
1
727
829
5
1
1
1
727
829
