5
3
1
1
409
278
5
1
1
1
409
278
5
7
0
1
409
281
5
6
1
1
411
295
5
6
1
1
414
308
5
6
1
1
418
324
5
6
1
1
420
344
5
6
1
1
423
376
5
5
1
1
432
406
5
4
1
1
445
428
5
3
1
1
469
445
5
2
1
0
487
444
5
4
1
0
496
438
5
7
1
0
497
423
5
2
0
0
484
415
5
2
0
1
470
417
5
6
0
1
456
451
5
7
0
1
447
497
5
7
0
1
441
553
5
6
1
1
445
616
5
6
1
1
457
686
5
5
1
1
494
757
5
4
1
1
555
820
5
2
1
1
612
836
5
4
1
0
641
811
5
6
1
0
659
750
5
5
0
0
655
691
5
3
0
0
632
655
5
1
0
0
586
640
5
2
0
1
544
649
5
4
0
1
515
671
5
6
0
1
495
726
5
6
1
1
504
781
5
3
1
1
538
807
5
1
1
1
609
813
5
3
1
0
647
791
5
7
1
0
662
730
5
4
0
0
641
680
5
2
0
0
609
658
5
1
0
1
560
649
5
3
0
1
508
675
5
5
0
1
469
741
5
6
1
1
475
791
5
3
1
1
521
827
5
1
1
1
588
834
5
4
1
0
630
797
5
6
1
0
655
745
5
5
0
0
651
695
5
3
0
0
623
667
5
1
0
0
584
656
5
2
0
1
542
662
5
4
0
1
504
692
5
6
0
1
487
731
5
5
1
1
498
772
5
3
1
1
548
812
5
2
1
1
606
832
5
1
1
1
652
841
5
1
1
1
674
844
5
1
1
1
688
847
5
1
1
1
706
849
5
1
1
1
717
850
5
2
1
0
723
849
5
1
1
1
723
849
5
1
1
1
723
849
