4
5
1
0
411
165
5
1
1
1
411
165
5
2
1
1
423
171
5
1
1
1
424
171
5
1
1
1
424
171
5
6
1
1
426
194
5
5
1
1
441
234
5
6
1
1
445
308
5
7
0
1
431
374
5
6
0
1
408
427
5
6
0
1
388
472
5
7
0
1
382
522
5
6
1
1
392
570
5
5
1
1
417
633
5
4
1
1
461
684
5
2
1
1
494
700
5
1
1
1
527
701
5
2
1
0
562
693
5
4
1
0
595
672
5
4
1
0
621
651
5
5
1
0
635
630
5
5
1
0
649
605
5
7
1
0
653
588
5
4
0
0
648
577
