5
1
0
0
228
364
5
1
1
1
228
364
5
1
1
1
228
364
5
1
1
1
228
364
5
1
1
1
228
364
5
1
1
1
228
364
5
1
1
1
228
364
5
2
1
1
230
365
5
1
1
1
258
366
5
1
1
1
279
369
5
2
1
1
299
377
5
4
1
1
313
397
5
7
0
1
312
416
5
6
0
1
303
435
5
5
0
1
293
447
5
3
0
1
276
457
5
3
0
1
254
465
5
3
0
1
231
475
5
3
0
1
211
487
5
4
0
1
190
504
5
5
0
1
176
529
5
7
0
1
176
565
5
3
1
1
207
594
5
3
1
1
226
611
5
1
1
1
226
611
5
1
1
1
226
611
5
2
1
0
242
610
5
1
1
1
319
621
5
1
1
1
408
637
5
1
1
1
495
640
5
4
1
0
537
613
