5
3
0
0
351
345
5
6
1
1
352
363
5
6
1
1
356
389
5
5
1
1
366
426
5
5
1
1
387
477
5
5
1
1
414
534
5
4
1
1
449
588
5
5
1
1
482
648
5
4
1
1
525
716
5
4
1
1
574
766
5
3
1
1
624
796
5
1
1
1
656
797
5
5
1
0
678
772
5
7
1
0
683
730
5
4
0
0
670
700
5
1
0
0
632
684
5
2
0
1
603
692
5
6
0
1
579
736
5
7
0
1
575
788
5
5
1
1
592
832
5
2
1
1
623
841
5
3
1
0
655
823
5
7
1
0
668
769
5
5
0
0
659
705
5
3
0
0
620
664
5
1
0
1
558
663
5
5
0
1
519
712
5
7
0
1
514
774
5
4
1
1
545
823
5
1
1
1
616
837
5
3
1
0
659
819
5
6
1
0
684
747
5
5
0
0
668
676
5
2
0
0
627
643
5
2
0
1
552
654
5
5
0
1
515
710
5
6
1
1
520
793
5
4
1
1
562
847
5
1
1
1
632
857
5
5
1
0
679
800
5
7
1
0
683
717
5
4
0
0
663
669
5
1
0
1
598
654
5
3
0
1
535
681
5
6
0
1
495
766
5
5
1
1
528
839
5
2
1
1
614
868
5
3
1
0
673
836
5
6
1
0
697
755
5
4
0
0
666
681
5
1
0
0
620
658
5
2
0
1
558
664
5
4
0
1
504
715
5
7
0
1
497
791
5
4
1
1
549
844
5
2
1
0
633
840
5
5
1
0
696
773
5
7
1
0
697
709
5
3
0
0
661
663
5
1
0
1
584
649
5
3
0
1
516
681
5
6
0
1
498
743
5
5
1
1
526
808
5
3
1
1
568
840
5
2
1
1
612
860
5
3
1
1
646
880
5
2
1
1
668
890
5
2
1
1
682
897
5
2
1
1
688
899
5
4
1
0
689
898
