2
6
1
1
88
351
2
1
1
1
88
351
2
1
1
1
88
351
2
7
0
1
88
353
2
5
1
1
91
363
2
6
1
1
95
379
2
5
1
1
103
396
2
5
1
1
112
412
2
4
1
1
124
432
2
4
1
1
150
462
2
3
1
1
181
489
2
3
1
1
230
520
2
2
1
1
276
538
2
2
1
0
312
537
2
4
1
0
337
513
2
7
1
0
338
485
2
2
0
0
320
469
2
1
0
1
299
468
2
5
0
1
285
485
2
6
1
1
288
515
2
4
1
1
320
551
2
3
1
1
355
582
2
3
1
1
382
607
2
2
1
1
417
626
2
2
1
1
463
640
2
1
1
1
515
640
2
5
1
0
532
614
2
4
0
0
525
596
2
1
0
0
507
591
2
4
0
1
492
601
2
7
0
1
489
626
2
5
1
1
499
649
2
3
1
1
530
673
2
2
1
1
569
684
2
1
1
1
613
690
2
1
1
1
653
693
2
3
1
0
674
685
2
6
1
0
681
667
2
1
0
0
656
658
2
5
0
1
648
672
2
5
1
1
659
701
2
3
1
1
679
717
2
2
1
1
700
723
2
1
1
1
715
726
2
1
1
1
730
728
2
2
1
1
732
729
2
1
1
1
732
729
