4
2
1
1
353
164
4
1
1
1
353
158
4
1
0
1
352
154
5
1
1
1
352
152
5
1
1
1
352
152
5
1
1
1
352
152
5
1
1
1
352
152
5
7
0
1
351
160
5
7
0
1
348
177
5
7
0
1
345
194
5
6
0
1
340
214
5
7
0
1
338
239
5
7
0
1
333
265
5
7
0
1
328
291
5
6
0
1
319
316
5
6
0
1
311
331
5
5
0
1
298
352
5
5
0
1
284
375
5
5
0
1
267
396
5
4
0
1
244
419
5
5
0
1
216
448
5
5
0
1
193
472
5
4
0
1
160
500
5
4
0
1
126
530
5
5
0
1
102
557
5
5
0
1
75
591
5
5
0
1
53
624
5
6
0
1
43
657
5
7
0
1
34
703
5
6
1
1
38
745
5
5
1
1
63
790
5
3
1
1
92
817
5
2
1
1
129
836
5
1
1
1
160
837
5
3
1
0
199
825
5
4
1
0
237
799
5
5
1
0
270
764
5
6
1
0
285
726
5
7
1
0
289
688
5
5
0
0
285
646
5
4
0
0
266
612
5
2
0
0
220
585
5
1
0
1
165
583
5
2
0
1
109
590
5
3
0
1
63
615
5
6
0
1
41
666
5
7
0
1
38
707
5
6
1
1
44
754
5
4
1
1
79
812
5
3
1
1
127
841
5
1
1
1
173
847
5
3
1
0
229
824
5
4
1
0
273
785
5
5
1
0
302
747
5
7
1
0
306
708
5
4
0
0
291
668
5
3
0
0
268
630
5
2
0
0
231
597
5
1
0
0
190
582
5
2
0
1
142
589
5
3
0
1
100
611
5
5
0
1
73
659
5
7
0
1
73
706
5
6
1
1
83
755
5
4
1
1
125
806
5
2
1
1
172
827
5
2
1
0
214
826
5
3
1
0
269
794
5
5
1
0
298
759
5
6
1
0
313
714
5
7
1
0
314
667
5
4
0
0
296
626
5
2
0
0
261
598
5
1
0
0
200
581
5
1
0
1
137
577
5
2
0
1
84
590
5
4
0
1
51
621
5
6
0
1
34
661
5
6
1
1
40
717
5
5
1
1
60
764
5
3
1
1
116
815
5
2
1
1
193
848
5
2
1
1
240
864
5
1
1
1
291
874
5
1
1
1
351
880
5
1
1
1
419
885
5
1
1
1
473
887
5
1
1
1
530
888
5
1
1
1
585
889
5
1
1
1
632
890
5
1
1
1
671
890
5
1
1
1
694
890
5
2
1
0
713
889
5
1
1
1
719
889
5
1
1
1
720
889
5
1
1
1
720
889
