5
1
0
0
137
349
5
7
1
0
137
348
5
4
0
1
136
349
5
6
0
1
131
362
5
7
0
1
131
396
5
6
1
1
134
434
5
5
1
1
149
474
5
3
1
1
202
522
5
1
1
1
283
543
5
3
1
0
334
522
5
7
1
0
338
482
5
3
0
0
324
467
5
5
0
1
308
485
5
5
1
1
322
520
5
3
1
1
367
546
5
1
1
1
420
551
5
3
1
0
484
526
5
5
1
0
512
494
5
7
1
0
513
474
5
1
0
1
501
473
5
6
0
1
491
502
5
3
1
1
523
527
5
1
1
1
579
530
5
3
1
0
621
514
5
5
1
0
645
487
5
6
1
0
652
464
5
2
0
0
640
456
5
5
0
1
627
476
5
4
1
1
647
503
5
2
1
1
672
512
5
1
1
1
693
515
