4
4
0
0
419
216
5
1
1
1
419
216
5
7
0
1
419
217
5
1
1
1
419
217
5
6
1
1
429
265
5
6
1
1
436
330
5
7
0
1
422
416
5
5
0
1
389
456
5
4
0
1
329
513
5
7
0
1
320
600
5
4
1
1
370
658
5
2
1
1
468
702
5
2
1
1
506
716
5
6
1
0
531
664
5
7
1
0
535
600
5
4
0
0
524
580
5
2
0
1
474
585
5
4
0
1
438
618
5
7
0
1
430
671
5
4
1
1
467
716
5
1
1
1
538
725
5
3
1
0
576
710
5
7
1
0
579
673
5
2
0
0
530
645
5
3
0
1
468
666
5
6
0
1
428
753
5
5
1
1
450
796
5
1
1
1
521
795
5
4
1
0
577
754
5
6
1
0
596
697
5
3
0
0
559
638
5
2
0
1
482
640
5
4
0
1
437
676
5
7
0
1
431
731
5
5
1
1
463
789
5
2
1
1
522
815
5
2
1
0
597
799
5
5
1
0
641
725
5
3
0
0
603
677
5
1
0
0
517
640
5
1
0
1
387
614
5
1
0
1
263
611
5
2
0
1
98
635
5
4
0
1
17
687
5
5
1
1
55
764
5
3
1
1
167
838
5
2
1
1
288
887
5
1
1
1
385
906
5
1
1
1
481
908
5
2
1
0
559
888
5
4
1
0
623
830
5
7
1
0
632
748
5
4
0
0
593
668
5
3
0
0
527
603
5
1
0
0
414
542
5
1
0
1
272
511
5
2
0
1
186
535
5
6
0
1
157
612
5
4
1
1
226
707
5
2
1
1
356
771
5
2
1
1
488
818
5
2
1
0
578
815
5
4
1
0
643
761
5
4
0
0
586
620
5
1
0
0
431
539
5
1
0
1
294
527
5
3
0
1
173
562
5
6
0
1
148
656
5
3
1
1
268
745
5
1
1
1
450
785
5
1
1
1
562
794
5
1
1
1
640
800
5
1
1
1
661
802
5
1
1
1
683
804
5
1
1
1
694
805
5
1
1
1
703
805
5
1
1
1
704
805
5
3
1
0
706
804
5
4
0
1
705
805
